Applying mask to 49-by-49 random data with printing...
The generated input array: 
3 6 7 5 3 5 6 2 9 1 2 7 0 9 3 6 0 6 2 6 1 8 7 9 2 0 2 3 7 5 9 2 2 8 9 7 3 6 1 2 9 3 1 9 4 7 8 4 5 
0 3 6 1 0 6 3 2 0 6 1 5 5 4 7 6 5 6 9 3 7 4 5 2 5 4 7 4 4 3 0 7 8 6 8 8 4 3 1 4 9 2 0 6 8 9 2 6 6 
4 9 5 0 4 8 7 1 7 2 7 2 2 6 1 0 6 1 5 9 4 9 0 9 1 7 7 1 1 5 9 7 7 6 7 3 6 5 6 3 9 4 8 1 2 9 3 9 0 
8 8 5 0 9 6 3 8 5 6 1 1 5 9 8 4 8 1 0 3 0 4 4 4 4 7 6 3 1 7 5 9 6 2 1 7 8 5 7 4 1 8 5 9 7 5 3 8 8 
3 1 8 9 6 4 3 3 3 8 6 0 4 8 8 8 9 7 7 6 4 3 0 3 0 9 2 5 4 0 5 9 4 6 9 2 2 4 7 7 5 4 8 1 2 8 9 3 6 
8 0 2 1 0 5 1 1 0 8 5 0 6 4 6 2 5 8 6 2 8 4 7 2 4 0 6 2 9 9 0 8 1 3 1 1 0 3 4 0 3 9 1 9 6 9 3 3 8 
0 5 6 6 4 0 0 4 6 2 6 7 5 6 9 8 7 2 8 2 9 9 6 0 2 7 6 1 3 2 1 5 9 9 1 4 9 1 0 7 5 8 7 0 4 8 0 4 2 
9 6 1 0 4 2 2 2 0 5 5 2 9 0 2 8 3 8 0 4 0 9 1 9 6 2 5 4 4 9 9 3 6 0 5 0 2 9 4 3 5 1 7 4 3 1 4 6 9 
4 2 2 6 4 1 2 8 8 9 2 8 8 8 6 8 3 8 3 3 3 8 0 4 7 6 8 9 0 6 8 7 9 0 3 3 3 7 3 2 6 5 2 6 5 8 7 9 6 
0 4 1 0 4 8 7 0 8 6 2 4 7 9 3 9 2 8 3 0 1 7 8 9 1 5 4 9 2 5 7 4 9 9 4 5 9 3 5 7 0 8 1 9 9 7 8 2 5 
3 4 9 0 2 0 1 9 6 2 1 2 0 7 3 1 1 9 0 5 6 7 7 4 0 6 4 7 4 8 5 8 2 6 0 6 6 4 6 2 8 9 6 0 7 0 1 0 1 
3 7 7 2 6 4 5 2 0 2 9 0 9 9 4 5 1 0 3 7 8 8 6 0 4 6 7 6 0 9 7 5 9 7 8 5 3 3 8 3 7 9 3 7 8 7 4 1 9 
0 9 8 8 5 8 4 3 7 1 3 8 0 9 7 9 9 3 2 4 3 7 1 2 2 0 2 1 7 5 1 7 4 1 7 1 1 1 7 0 4 0 8 5 1 6 6 2 1 
9 6 4 8 0 8 1 0 2 2 9 7 5 6 4 6 3 7 9 7 4 9 1 7 0 6 0 8 5 3 9 4 1 5 4 1 5 5 4 9 8 3 8 5 2 2 2 7 0 
3 4 6 3 6 3 3 4 4 3 9 7 2 5 8 9 0 2 4 7 6 5 7 1 3 3 3 8 5 1 0 8 7 6 3 5 0 8 0 4 1 1 3 5 9 3 4 1 5 
0 8 3 5 6 5 9 9 0 7 6 3 7 6 1 5 0 6 5 0 8 1 2 2 6 9 1 0 4 2 7 4 0 3 2 8 0 3 7 0 0 3 4 9 2 7 4 2 5 
2 4 4 3 8 6 0 8 9 2 2 3 1 8 3 4 2 2 4 5 1 7 5 7 1 6 9 8 1 3 3 3 7 9 8 6 7 0 4 8 4 8 1 6 8 5 2 1 9 
9 6 0 6 4 9 9 0 8 9 3 1 4 8 9 6 7 7 3 7 1 2 2 1 5 0 9 0 4 0 1 3 7 4 1 1 3 0 3 2 1 7 5 6 5 4 2 2 1 
7 2 4 1 6 5 7 8 5 9 2 7 3 6 4 7 9 7 2 2 1 6 3 0 2 1 5 6 5 0 0 3 4 6 6 0 2 5 8 9 5 0 6 0 8 3 7 8 2 
1 0 5 8 5 5 0 7 3 8 2 3 0 7 7 7 6 9 1 1 9 0 8 9 8 8 0 3 7 0 6 9 2 1 7 7 9 7 6 2 7 1 5 8 8 4 5 6 5 
6 8 4 8 8 3 8 7 5 2 4 5 0 5 7 3 2 7 2 1 3 4 9 4 1 9 5 7 4 1 2 2 1 6 2 0 2 2 9 7 4 3 5 6 1 4 0 3 1 
2 7 7 9 8 1 0 7 6 0 1 0 2 5 1 9 7 1 3 1 2 0 6 8 7 4 9 2 4 4 5 9 1 2 8 9 6 0 6 4 0 9 4 5 4 6 6 3 9 
9 5 2 1 3 0 9 9 1 3 4 5 8 5 7 3 3 8 9 5 5 3 8 6 0 3 3 6 1 8 7 0 5 1 1 0 3 0 0 4 5 4 2 4 9 9 9 4 9 
8 1 6 3 9 3 3 4 6 1 5 6 1 7 2 2 9 2 8 1 2 4 7 8 6 3 7 7 2 3 7 2 5 3 7 6 8 1 3 6 4 0 3 5 8 5 0 9 9 
8 0 2 4 9 0 1 2 0 0 6 3 9 0 8 3 8 7 3 1 0 0 5 0 3 1 8 0 1 7 9 1 0 3 5 9 4 8 4 6 9 2 9 0 3 0 3 3 7 
9 4 9 9 1 9 4 2 0 6 5 9 5 6 1 1 4 3 7 2 7 3 3 9 2 4 4 4 9 9 3 8 3 2 9 5 4 3 9 4 9 5 5 7 3 9 0 7 2 
7 2 9 0 5 0 4 1 7 9 3 6 2 1 2 5 3 9 1 8 8 7 0 5 2 7 9 1 9 6 3 6 8 4 6 6 7 2 7 4 1 0 0 6 4 4 3 7 3 
4 7 2 1 7 9 5 6 8 9 5 5 2 1 5 9 9 1 6 2 1 0 5 3 2 1 9 7 6 8 2 0 6 4 3 3 6 9 0 4 8 5 1 2 9 7 3 8 0 
9 2 3 1 8 7 4 1 6 3 8 5 5 0 1 2 6 4 8 5 6 2 5 2 6 9 1 3 3 1 5 2 6 9 4 4 6 0 7 4 3 7 9 0 0 2 2 6 9 
0 3 5 5 8 7 1 7 0 6 0 4 1 3 0 2 9 6 0 9 3 5 4 3 6 4 3 1 9 1 0 9 4 5 6 2 5 9 1 7 7 4 1 1 9 1 3 8 7 
4 9 3 1 3 8 7 9 3 8 8 4 0 0 8 6 8 2 3 8 5 0 5 9 2 6 8 5 2 8 3 6 7 8 7 2 6 6 2 9 7 0 3 7 2 3 5 1 7 
8 9 4 1 6 4 3 5 4 8 7 3 3 5 0 1 4 5 7 0 7 8 9 9 3 9 4 6 4 5 5 5 6 0 6 2 6 9 9 2 9 6 5 5 3 8 6 7 3 
6 0 2 6 9 3 0 8 7 6 5 2 4 0 0 6 8 5 4 9 4 6 8 3 2 3 6 2 2 4 7 0 4 9 6 5 4 6 4 2 5 1 6 1 3 7 7 1 2 
1 0 8 9 0 1 3 4 8 5 8 2 2 0 6 3 6 1 0 5 7 4 2 0 0 3 3 9 0 4 3 3 4 2 4 5 3 8 1 1 3 1 5 8 1 3 3 9 7 
5 4 4 9 6 7 2 1 0 1 3 7 7 6 3 9 1 0 4 1 1 8 6 4 3 4 7 7 0 7 4 5 3 0 7 2 9 9 3 0 2 7 9 9 5 2 0 8 3 
5 9 6 5 6 3 0 2 0 7 4 7 3 0 1 6 7 5 7 8 8 9 0 7 8 0 3 1 0 3 6 7 3 2 2 1 5 3 3 8 2 8 5 8 0 8 6 9 3 
3 7 4 3 7 1 3 9 6 4 2 0 2 9 5 7 4 6 4 9 1 2 3 1 8 1 3 8 9 2 4 5 1 0 0 1 3 3 0 0 0 2 2 2 4 7 9 8 5 
4 7 8 6 0 0 6 4 3 7 5 8 1 0 9 3 0 2 6 4 3 8 6 7 0 8 1 9 8 1 6 4 8 5 0 1 5 9 7 0 6 2 8 9 5 0 2 7 2 
8 1 7 7 9 7 9 8 8 9 8 0 5 2 0 2 4 3 7 3 0 0 1 5 8 0 0 0 4 7 5 3 1 4 2 0 1 3 0 0 4 8 2 2 0 2 4 5 8 
4 0 8 4 2 5 4 2 7 5 7 5 2 2 8 6 6 0 0 9 1 2 6 9 4 8 2 8 2 7 8 6 7 7 0 9 4 5 4 2 2 3 9 6 5 7 4 3 9 
4 4 0 6 0 2 2 8 4 3 1 1 1 9 0 0 0 2 5 7 6 9 1 9 8 7 6 5 1 1 4 8 5 7 6 6 9 1 4 3 6 7 6 9 7 6 0 9 0 
7 6 6 8 7 7 6 6 5 3 7 6 9 7 2 6 4 0 7 5 4 0 1 2 8 0 1 5 2 0 7 1 6 4 9 5 3 5 1 1 0 0 7 0 8 1 6 4 1 
4 9 8 6 2 2 5 2 3 2 7 3 9 0 1 5 0 6 9 7 9 2 8 9 9 8 9 3 6 3 6 0 4 4 9 6 6 4 1 9 8 0 4 9 0 5 5 0 1 
6 0 2 8 8 4 9 8 3 4 4 9 1 7 5 7 6 2 4 2 5 5 0 5 2 9 7 7 6 8 1 2 0 3 2 8 7 4 6 3 8 0 4 9 7 9 7 5 1 
3 7 8 0 9 5 2 1 3 2 7 3 3 2 3 8 6 1 6 0 9 1 9 1 5 0 9 4 9 6 8 2 4 6 5 3 4 7 4 7 1 4 0 4 8 3 3 4 6 
1 5 5 4 6 6 9 6 7 5 6 4 3 0 0 2 5 3 8 5 0 5 6 6 7 3 4 0 8 0 8 1 5 3 5 1 1 4 0 1 1 8 5 7 8 5 1 6 0 
9 1 2 4 9 0 1 4 4 3 2 5 1 3 2 6 0 6 9 6 8 0 8 6 7 5 4 4 6 0 5 5 3 9 1 5 0 4 9 6 7 4 3 0 9 6 6 0 4 
5 8 2 8 6 8 5 3 4 0 1 7 7 8 0 8 9 7 8 3 9 7 2 5 0 2 4 8 0 6 2 6 5 6 6 3 4 1 7 1 3 0 8 2 9 0 1 0 8 
1 6 7 8 8 2 1 3 8 9 3 5 4 1 2 2 7 7 9 1 4 0 4 7 8 7 6 8 0 8 6 1 4 5 2 5 9 3 8 8 4 3 5 0 5 9 3 4 6 

The raw output array 
199 201 206 198 180 190 187 180 174 190 231 245 236 222 212 200 187 177 185 164 172 174 200 196 179 186 201 224 250 255 238 220 208 206 201 208 214 238 232 218 227 249 264 
180 185 186 166 170 173 191 182 182 214 240 266 271 259 238 220 201 196 190 163 151 161 184 193 172 177 201 220 244 236 210 183 174 189 194 183 204 223 229 231 228 232 249 
157 152 132 118 136 166 186 184 186 216 239 256 267 262 238 218 213 213 212 171 170 162 183 197 181 174 204 219 230 216 175 156 140 147 162 173 175 208 222 228 227 220 228 
144 142 122 109 129 169 200 202 206 234 255 257 262 255 244 218 207 210 223 202 189 179 187 191 192 185 203 224 233 215 189 160 148 158 164 180 190 187 219 214 212 207 212 
136 126 120 121 147 177 211 203 204 236 253 247 241 227 224 187 175 196 223 216 205 189 211 218 220 211 224 234 249 229 191 159 153 167 178 177 179 199 207 201 196 216 226 
130 134 142 162 191 207 216 227 224 250 259 254 243 220 212 171 163 187 227 227 210 209 223 235 230 228 254 251 256 250 206 176 174 189 193 190 183 200 222 205 220 236 243 
141 143 155 175 198 208 201 196 213 230 251 233 233 201 179 165 171 203 235 219 208 207 224 231 226 224 256 267 270 256 231 206 198 210 207 210 201 213 227 233 232 238 235 
165 164 169 166 175 183 167 175 184 211 224 219 209 176 177 161 188 216 247 213 202 182 197 208 230 226 243 262 263 252 226 216 193 194 208 213 217 225 228 236 234 220 200 
204 192 180 166 163 162 167 174 197 222 245 228 222 178 184 184 200 220 245 217 178 157 159 187 225 215 237 248 254 249 230 204 193 188 194 201 212 231 233 238 237 224 197 
232 215 199 176 158 158 164 199 216 232 262 253 235 196 200 202 215 230 224 185 146 119 147 161 189 197 206 218 226 217 198 177 165 159 165 183 188 202 215 207 221 207 188 
228 212 194 170 163 158 178 215 225 235 264 243 237 205 204 208 231 240 228 180 148 136 161 168 183 183 198 206 205 195 197 174 163 156 166 190 185 186 198 206 207 213 183 
215 216 214 188 181 192 196 220 223 233 244 226 212 193 191 198 217 212 206 182 157 157 168 180 174 171 179 183 189 197 192 189 172 151 152 166 159 155 173 190 211 205 191 
210 230 236 228 212 216 225 210 206 201 225 213 204 174 175 181 188 185 186 170 164 162 177 190 188 165 137 147 181 197 204 188 167 154 151 157 155 156 161 198 217 216 192 
203 221 252 240 244 227 213 204 189 181 213 219 216 192 184 174 170 173 168 162 166 180 197 193 188 163 122 147 181 203 216 205 176 169 167 172 172 167 175 205 230 223 198 
213 231 236 260 261 246 225 196 186 188 231 250 251 233 224 175 159 154 152 153 153 166 187 178 170 144 114 126 164 175 190 188 171 149 158 179 183 174 177 198 223 223 196 
212 237 233 237 264 249 226 189 170 182 234 256 268 246 222 186 148 144 149 174 169 176 185 196 166 144 117 135 156 168 184 184 182 181 183 213 209 189 193 200 217 220 209 
215 235 226 227 238 226 200 162 154 170 215 241 260 248 220 173 150 151 174 213 222 199 215 214 195 157 141 143 159 176 184 190 187 196 202 229 221 200 199 200 211 222 214 
246 239 221 226 223 208 178 145 145 154 197 217 228 230 202 164 137 146 175 226 235 233 216 218 194 174 157 164 153 154 157 166 175 193 182 202 209 198 189 192 205 215 207 
228 232 201 200 203 176 149 140 139 159 189 205 210 221 206 169 139 145 179 224 238 229 216 216 203 188 180 182 176 157 161 178 180 177 170 179 191 188 173 195 214 238 219 
219 205 180 177 188 164 161 156 176 180 200 210 216 227 227 194 153 168 174 220 223 204 207 201 189 188 194 197 172 143 144 176 171 161 146 163 168 178 174 197 222 225 236 
197 196 170 171 159 154 146 170 194 198 197 192 199 219 217 193 166 156 167 196 212 195 196 197 189 204 211 205 183 157 162 200 211 193 172 189 189 186 185 190 192 208 221 
192 188 163 146 143 136 160 182 206 204 189 183 194 211 206 197 161 150 143 171 178 168 169 197 196 212 227 205 184 180 180 209 228 228 211 214 222 215 190 177 187 196 196 
203 215 182 159 150 174 191 217 213 194 164 166 184 206 204 201 176 164 162 176 176 168 190 218 225 233 242 230 197 197 203 219 233 243 223 220 222 222 193 184 184 200 189 
194 212 197 171 182 191 222 224 220 170 148 148 174 217 217 212 194 177 167 172 173 179 199 224 227 243 239 222 204 200 215 231 229 231 214 206 205 194 179 170 164 179 186 
192 220 216 216 212 221 238 237 200 166 133 149 178 224 219 204 200 180 154 151 165 181 201 220 214 222 214 192 196 204 209 225 211 208 214 203 207 205 171 172 171 181 178 
188 207 234 218 216 214 237 214 179 126 119 140 185 218 215 212 201 199 170 174 187 181 204 207 197 195 182 172 195 220 222 218 208 212 206 213 216 212 176 161 163 163 180 
175 229 235 220 212 214 223 201 158 121 104 135 179 215 217 211 213 193 194 202 203 196 210 211 184 184 180 180 202 226 232 224 203 217 229 222 218 223 197 171 154 164 175 
200 224 226 211 231 240 239 209 175 136 113 132 176 220 213 211 215 215 218 229 222 216 222 216 201 184 198 199 207 235 238 225 211 226 243 227 227 221 200 186 164 162 189 
205 203 200 200 224 238 240 222 173 131 111 132 179 203 191 201 221 241 243 239 226 218 221 208 207 191 186 189 204 214 214 221 211 231 243 232 217 215 196 193 193 196 193 
195 198 192 185 207 211 236 218 178 135 120 144 179 196 182 193 221 227 237 222 201 178 180 194 186 170 174 181 193 192 195 203 206 234 234 193 183 175 178 194 204 187 189 
205 206 181 153 170 186 211 208 181 153 144 150 171 182 178 172 196 206 210 195 172 159 157 171 175 161 170 175 175 167 162 181 191 213 213 172 151 162 179 207 205 188 203 
237 211 157 133 150 165 184 186 176 168 166 178 191 187 168 185 197 207 211 191 177 160 172 167 185 172 173 177 170 160 145 158 169 197 204 170 145 166 196 221 223 201 215 
241 197 153 145 155 160 178 181 171 165 171 190 204 193 195 210 224 217 220 202 181 169 155 174 180 175 176 180 168 149 128 115 129 172 186 153 131 152 189 226 234 209 208 
230 198 178 172 178 188 199 200 178 164 162 184 198 203 191 204 216 190 193 187 187 177 176 170 194 185 202 201 176 144 112 92 106 135 159 129 109 130 170 203 210 192 204 
227 203 193 195 214 233 233 204 182 156 156 162 178 169 170 188 198 180 175 178 206 204 180 175 190 197 212 220 200 164 131 115 126 151 149 139 132 151 184 203 199 182 194 
229 220 210 231 264 261 250 219 173 158 158 153 154 147 141 170 176 162 167 164 202 206 175 168 191 185 188 212 214 190 155 135 136 150 147 128 125 141 176 205 202 188 177 
207 194 197 217 236 238 223 208 185 173 165 157 147 130 149 175 189 169 170 200 226 241 211 185 189 193 193 222 223 225 214 197 188 182 168 139 136 161 192 226 235 202 197 
208 191 187 208 206 199 202 199 190 171 160 150 142 133 145 193 203 194 192 204 254 250 237 192 178 174 185 199 205 220 240 235 228 209 179 152 143 178 189 231 240 224 202 
234 221 211 212 210 202 196 215 206 204 192 171 167 154 156 200 212 206 184 199 218 244 228 215 182 169 168 180 176 203 223 240 243 219 181 149 150 152 172 193 220 222 206 
233 230 217 205 192 187 185 202 205 202 188 174 175 172 179 210 228 223 210 214 240 251 259 247 230 206 181 177 159 177 206 228 239 227 208 180 170 170 170 197 220 232 210 
238 240 226 222 205 192 189 205 208 194 185 168 185 184 187 216 204 199 181 200 222 245 236 246 242 237 198 184 153 152 186 207 216 207 203 197 179 175 180 196 228 248 231 
230 237 222 209 200 185 174 185 187 171 156 148 184 185 194 218 203 200 185 196 220 222 221 228 238 230 215 199 168 167 180 195 190 186 181 185 184 174 163 193 212 244 225 
226 244 223 218 199 194 182 181 173 155 131 135 173 197 206 223 205 222 201 213 208 212 201 216 206 206 196 191 169 178 181 171 163 155 158 171 186 172 163 191 223 240 221 

The normalized output array 
4.52273 4.56818 4.68182 4.5 4.09091 4.31818 4.25 4.09091 3.95455 4.31818 5.25 5.56818 5.36364 5.04545 4.81818 4.54545 4.25 4.02273 4.20455 3.72727 3.90909 3.95455 4.54545 4.45455 4.06818 4.22727 4.56818 5.09091 5.68182 5.79545 5.40909 5 4.72727 4.68182 4.56818 4.72727 4.86364 5.40909 5.27273 4.95455 5.15909 5.65909 6 
4.09091 4.20455 4.22727 3.77273 3.86364 3.93182 4.34091 4.13636 4.13636 4.86364 5.45455 6.04545 6.15909 5.88636 5.40909 5 4.56818 4.45455 4.31818 3.70455 3.43182 3.65909 4.18182 4.38636 3.90909 4.02273 4.56818 5 5.54545 5.36364 4.77273 4.15909 3.95455 4.29545 4.40909 4.15909 4.63636 5.06818 5.20455 5.25 5.18182 5.27273 5.65909 
3.56818 3.45455 3 2.68182 3.09091 3.77273 4.22727 4.18182 4.22727 4.90909 5.43182 5.81818 6.06818 5.95455 5.40909 4.95455 4.84091 4.84091 4.81818 3.88636 3.86364 3.68182 4.15909 4.47727 4.11364 3.95455 4.63636 4.97727 5.22727 4.90909 3.97727 3.54545 3.18182 3.34091 3.68182 3.93182 3.97727 4.72727 5.04545 5.18182 5.15909 5 5.18182 
3.27273 3.22727 2.77273 2.47727 2.93182 3.84091 4.54545 4.59091 4.68182 5.31818 5.79545 5.84091 5.95455 5.79545 5.54545 4.95455 4.70455 4.77273 5.06818 4.59091 4.29545 4.06818 4.25 4.34091 4.36364 4.20455 4.61364 5.09091 5.29545 4.88636 4.29545 3.63636 3.36364 3.59091 3.72727 4.09091 4.31818 4.25 4.97727 4.86364 4.81818 4.70455 4.81818 
3.09091 2.86364 2.72727 2.75 3.34091 4.02273 4.79545 4.61364 4.63636 5.36364 5.75 5.61364 5.47727 5.15909 5.09091 4.25 3.97727 4.45455 5.06818 4.90909 4.65909 4.29545 4.79545 4.95455 5 4.79545 5.09091 5.31818 5.65909 5.20455 4.34091 3.61364 3.47727 3.79545 4.04545 4.02273 4.06818 4.52273 4.70455 4.56818 4.45455 4.90909 5.13636 
2.95455 3.04545 3.22727 3.68182 4.34091 4.70455 4.90909 5.15909 5.09091 5.68182 5.88636 5.77273 5.52273 5 4.81818 3.88636 3.70455 4.25 5.15909 5.15909 4.77273 4.75 5.06818 5.34091 5.22727 5.18182 5.77273 5.70455 5.81818 5.68182 4.68182 4 3.95455 4.29545 4.38636 4.31818 4.15909 4.54545 5.04545 4.65909 5 5.36364 5.52273 
3.20455 3.25 3.52273 3.97727 4.5 4.72727 4.56818 4.45455 4.84091 5.22727 5.70455 5.29545 5.29545 4.56818 4.06818 3.75 3.88636 4.61364 5.34091 4.97727 4.72727 4.70455 5.09091 5.25 5.13636 5.09091 5.81818 6.06818 6.13636 5.81818 5.25 4.68182 4.5 4.77273 4.70455 4.77273 4.56818 4.84091 5.15909 5.29545 5.27273 5.40909 5.34091 
3.75 3.72727 3.84091 3.77273 3.97727 4.15909 3.79545 3.97727 4.18182 4.79545 5.09091 4.97727 4.75 4 4.02273 3.65909 4.27273 4.90909 5.61364 4.84091 4.59091 4.13636 4.47727 4.72727 5.22727 5.13636 5.52273 5.95455 5.97727 5.72727 5.13636 4.90909 4.38636 4.40909 4.72727 4.84091 4.93182 5.11364 5.18182 5.36364 5.31818 5 4.54545 
4.63636 4.36364 4.09091 3.77273 3.70455 3.68182 3.79545 3.95455 4.47727 5.04545 5.56818 5.18182 5.04545 4.04545 4.18182 4.18182 4.54545 5 5.56818 4.93182 4.04545 3.56818 3.61364 4.25 5.11364 4.88636 5.38636 5.63636 5.77273 5.65909 5.22727 4.63636 4.38636 4.27273 4.40909 4.56818 4.81818 5.25 5.29545 5.40909 5.38636 5.09091 4.47727 
5.27273 4.88636 4.52273 4 3.59091 3.59091 3.72727 4.52273 4.90909 5.27273 5.95455 5.75 5.34091 4.45455 4.54545 4.59091 4.88636 5.22727 5.09091 4.20455 3.31818 2.70455 3.34091 3.65909 4.29545 4.47727 4.68182 4.95455 5.13636 4.93182 4.5 4.02273 3.75 3.61364 3.75 4.15909 4.27273 4.59091 4.88636 4.70455 5.02273 4.70455 4.27273 
5.18182 4.81818 4.40909 3.86364 3.70455 3.59091 4.04545 4.88636 5.11364 5.34091 6 5.52273 5.38636 4.65909 4.63636 4.72727 5.25 5.45455 5.18182 4.09091 3.36364 3.09091 3.65909 3.81818 4.15909 4.15909 4.5 4.68182 4.65909 4.43182 4.47727 3.95455 3.70455 3.54545 3.77273 4.31818 4.20455 4.22727 4.5 4.68182 4.70455 4.84091 4.15909 
4.88636 4.90909 4.86364 4.27273 4.11364 4.36364 4.45455 5 5.06818 5.29545 5.54545 5.13636 4.81818 4.38636 4.34091 4.5 4.93182 4.81818 4.68182 4.13636 3.56818 3.56818 3.81818 4.09091 3.95455 3.88636 4.06818 4.15909 4.29545 4.47727 4.36364 4.29545 3.90909 3.43182 3.45455 3.77273 3.61364 3.52273 3.93182 4.31818 4.79545 4.65909 4.34091 
4.77273 5.22727 5.36364 5.18182 4.81818 4.90909 5.11364 4.77273 4.68182 4.56818 5.11364 4.84091 4.63636 3.95455 3.97727 4.11364 4.27273 4.20455 4.22727 3.86364 3.72727 3.68182 4.02273 4.31818 4.27273 3.75 3.11364 3.34091 4.11364 4.47727 4.63636 4.27273 3.79545 3.5 3.43182 3.56818 3.52273 3.54545 3.65909 4.5 4.93182 4.90909 4.36364 
4.61364 5.02273 5.72727 5.45455 5.54545 5.15909 4.84091 4.63636 4.29545 4.11364 4.84091 4.97727 4.90909 4.36364 4.18182 3.95455 3.86364 3.93182 3.81818 3.68182 3.77273 4.09091 4.47727 4.38636 4.27273 3.70455 2.77273 3.34091 4.11364 4.61364 4.90909 4.65909 4 3.84091 3.79545 3.90909 3.90909 3.79545 3.97727 4.65909 5.22727 5.06818 4.5 
4.84091 5.25 5.36364 5.90909 5.93182 5.59091 5.11364 4.45455 4.22727 4.27273 5.25 5.68182 5.70455 5.29545 5.09091 3.97727 3.61364 3.5 3.45455 3.47727 3.47727 3.77273 4.25 4.04545 3.86364 3.27273 2.59091 2.86364 3.72727 3.97727 4.31818 4.27273 3.88636 3.38636 3.59091 4.06818 4.15909 3.95455 4.02273 4.5 5.06818 5.06818 4.45455 
4.81818 5.38636 5.29545 5.38636 6 5.65909 5.13636 4.29545 3.86364 4.13636 5.31818 5.81818 6.09091 5.59091 5.04545 4.22727 3.36364 3.27273 3.38636 3.95455 3.84091 4 4.20455 4.45455 3.77273 3.27273 2.65909 3.06818 3.54545 3.81818 4.18182 4.18182 4.13636 4.11364 4.15909 4.84091 4.75 4.29545 4.38636 4.54545 4.93182 5 4.75 
4.88636 5.34091 5.13636 5.15909 5.40909 5.13636 4.54545 3.68182 3.5 3.86364 4.88636 5.47727 5.90909 5.63636 5 3.93182 3.40909 3.43182 3.95455 4.84091 5.04545 4.52273 4.88636 4.86364 4.43182 3.56818 3.20455 3.25 3.61364 4 4.18182 4.31818 4.25 4.45455 4.59091 5.20455 5.02273 4.54545 4.52273 4.54545 4.79545 5.04545 4.86364 
5.59091 5.43182 5.02273 5.13636 5.06818 4.72727 4.04545 3.29545 3.29545 3.5 4.47727 4.93182 5.18182 5.22727 4.59091 3.72727 3.11364 3.31818 3.97727 5.13636 5.34091 5.29545 4.90909 4.95455 4.40909 3.95455 3.56818 3.72727 3.47727 3.5 3.56818 3.77273 3.97727 4.38636 4.13636 4.59091 4.75 4.5 4.29545 4.36364 4.65909 4.88636 4.70455 
5.18182 5.27273 4.56818 4.54545 4.61364 4 3.38636 3.18182 3.15909 3.61364 4.29545 4.65909 4.77273 5.02273 4.68182 3.84091 3.15909 3.29545 4.06818 5.09091 5.40909 5.20455 4.90909 4.90909 4.61364 4.27273 4.09091 4.13636 4 3.56818 3.65909 4.04545 4.09091 4.02273 3.86364 4.06818 4.34091 4.27273 3.93182 4.43182 4.86364 5.40909 4.97727 
4.97727 4.65909 4.09091 4.02273 4.27273 3.72727 3.65909 3.54545 4 4.09091 4.54545 4.77273 4.90909 5.15909 5.15909 4.40909 3.47727 3.81818 3.95455 5 5.06818 4.63636 4.70455 4.56818 4.29545 4.27273 4.40909 4.47727 3.90909 3.25 3.27273 4 3.88636 3.65909 3.31818 3.70455 3.81818 4.04545 3.95455 4.47727 5.04545 5.11364 5.36364 
4.47727 4.45455 3.86364 3.88636 3.61364 3.5 3.31818 3.86364 4.40909 4.5 4.47727 4.36364 4.52273 4.97727 4.93182 4.38636 3.77273 3.54545 3.79545 4.45455 4.81818 4.43182 4.45455 4.47727 4.29545 4.63636 4.79545 4.65909 4.15909 3.56818 3.68182 4.54545 4.79545 4.38636 3.90909 4.29545 4.29545 4.22727 4.20455 4.31818 4.36364 4.72727 5.02273 
4.36364 4.27273 3.70455 3.31818 3.25 3.09091 3.63636 4.13636 4.68182 4.63636 4.29545 4.15909 4.40909 4.79545 4.68182 4.47727 3.65909 3.40909 3.25 3.88636 4.04545 3.81818 3.84091 4.47727 4.45455 4.81818 5.15909 4.65909 4.18182 4.09091 4.09091 4.75 5.18182 5.18182 4.79545 4.86364 5.04545 4.88636 4.31818 4.02273 4.25 4.45455 4.45455 
4.61364 4.88636 4.13636 3.61364 3.40909 3.95455 4.34091 4.93182 4.84091 4.40909 3.72727 3.77273 4.18182 4.68182 4.63636 4.56818 4 3.72727 3.68182 4 4 3.81818 4.31818 4.95455 5.11364 5.29545 5.5 5.22727 4.47727 4.47727 4.61364 4.97727 5.29545 5.52273 5.06818 5 5.04545 5.04545 4.38636 4.18182 4.18182 4.54545 4.29545 
4.40909 4.81818 4.47727 3.88636 4.13636 4.34091 5.04545 5.09091 5 3.86364 3.36364 3.36364 3.95455 4.93182 4.93182 4.81818 4.40909 4.02273 3.79545 3.90909 3.93182 4.06818 4.52273 5.09091 5.15909 5.52273 5.43182 5.04545 4.63636 4.54545 4.88636 5.25 5.20455 5.25 4.86364 4.68182 4.65909 4.40909 4.06818 3.86364 3.72727 4.06818 4.22727 
4.36364 5 4.90909 4.90909 4.81818 5.02273 5.40909 5.38636 4.54545 3.77273 3.02273 3.38636 4.04545 5.09091 4.97727 4.63636 4.54545 4.09091 3.5 3.43182 3.75 4.11364 4.56818 5 4.86364 5.04545 4.86364 4.36364 4.45455 4.63636 4.75 5.11364 4.79545 4.72727 4.86364 4.61364 4.70455 4.65909 3.88636 3.90909 3.88636 4.11364 4.04545 
4.27273 4.70455 5.31818 4.95455 4.90909 4.86364 5.38636 4.86364 4.06818 2.86364 2.70455 3.18182 4.20455 4.95455 4.88636 4.81818 4.56818 4.52273 3.86364 3.95455 4.25 4.11364 4.63636 4.70455 4.47727 4.43182 4.13636 3.90909 4.43182 5 5.04545 4.95455 4.72727 4.81818 4.68182 4.84091 4.90909 4.81818 4 3.65909 3.70455 3.70455 4.09091 
3.97727 5.20455 5.34091 5 4.81818 4.86364 5.06818 4.56818 3.59091 2.75 2.36364 3.06818 4.06818 4.88636 4.93182 4.79545 4.84091 4.38636 4.40909 4.59091 4.61364 4.45455 4.77273 4.79545 4.18182 4.18182 4.09091 4.09091 4.59091 5.13636 5.27273 5.09091 4.61364 4.93182 5.20455 5.04545 4.95455 5.06818 4.47727 3.88636 3.5 3.72727 3.97727 
4.54545 5.09091 5.13636 4.79545 5.25 5.45455 5.43182 4.75 3.97727 3.09091 2.56818 3 4 5 4.84091 4.79545 4.88636 4.88636 4.95455 5.20455 5.04545 4.90909 5.04545 4.90909 4.56818 4.18182 4.5 4.52273 4.70455 5.34091 5.40909 5.11364 4.79545 5.13636 5.52273 5.15909 5.15909 5.02273 4.54545 4.22727 3.72727 3.68182 4.29545 
4.65909 4.61364 4.54545 4.54545 5.09091 5.40909 5.45455 5.04545 3.93182 2.97727 2.52273 3 4.06818 4.61364 4.34091 4.56818 5.02273 5.47727 5.52273 5.43182 5.13636 4.95455 5.02273 4.72727 4.70455 4.34091 4.22727 4.29545 4.63636 4.86364 4.86364 5.02273 4.79545 5.25 5.52273 5.27273 4.93182 4.88636 4.45455 4.38636 4.38636 4.45455 4.38636 
4.43182 4.5 4.36364 4.20455 4.70455 4.79545 5.36364 4.95455 4.04545 3.06818 2.72727 3.27273 4.06818 4.45455 4.13636 4.38636 5.02273 5.15909 5.38636 5.04545 4.56818 4.04545 4.09091 4.40909 4.22727 3.86364 3.95455 4.11364 4.38636 4.36364 4.43182 4.61364 4.68182 5.31818 5.31818 4.38636 4.15909 3.97727 4.04545 4.40909 4.63636 4.25 4.29545 
4.65909 4.68182 4.11364 3.47727 3.86364 4.22727 4.79545 4.72727 4.11364 3.47727 3.27273 3.40909 3.88636 4.13636 4.04545 3.90909 4.45455 4.68182 4.77273 4.43182 3.90909 3.61364 3.56818 3.88636 3.97727 3.65909 3.86364 3.97727 3.97727 3.79545 3.68182 4.11364 4.34091 4.84091 4.84091 3.90909 3.43182 3.68182 4.06818 4.70455 4.65909 4.27273 4.61364 
5.38636 4.79545 3.56818 3.02273 3.40909 3.75 4.18182 4.22727 4 3.81818 3.77273 4.04545 4.34091 4.25 3.81818 4.20455 4.47727 4.70455 4.79545 4.34091 4.02273 3.63636 3.90909 3.79545 4.20455 3.90909 3.93182 4.02273 3.86364 3.63636 3.29545 3.59091 3.84091 4.47727 4.63636 3.86364 3.29545 3.77273 4.45455 5.02273 5.06818 4.56818 4.88636 
5.47727 4.47727 3.47727 3.29545 3.52273 3.63636 4.04545 4.11364 3.88636 3.75 3.88636 4.31818 4.63636 4.38636 4.43182 4.77273 5.09091 4.93182 5 4.59091 4.11364 3.84091 3.52273 3.95455 4.09091 3.97727 4 4.09091 3.81818 3.38636 2.90909 2.61364 2.93182 3.90909 4.22727 3.47727 2.97727 3.45455 4.29545 5.13636 5.31818 4.75 4.72727 
5.22727 4.5 4.04545 3.90909 4.04545 4.27273 4.52273 4.54545 4.04545 3.72727 3.68182 4.18182 4.5 4.61364 4.34091 4.63636 4.90909 4.31818 4.38636 4.25 4.25 4.02273 4 3.86364 4.40909 4.20455 4.59091 4.56818 4 3.27273 2.54545 2.09091 2.40909 3.06818 3.61364 2.93182 2.47727 2.95455 3.86364 4.61364 4.77273 4.36364 4.63636 
5.15909 4.61364 4.38636 4.43182 4.86364 5.29545 5.29545 4.63636 4.13636 3.54545 3.54545 3.68182 4.04545 3.84091 3.86364 4.27273 4.5 4.09091 3.97727 4.04545 4.68182 4.63636 4.09091 3.97727 4.31818 4.47727 4.81818 5 4.54545 3.72727 2.97727 2.61364 2.86364 3.43182 3.38636 3.15909 3 3.43182 4.18182 4.61364 4.52273 4.13636 4.40909 
5.20455 5 4.77273 5.25 6 5.93182 5.68182 4.97727 3.93182 3.59091 3.59091 3.47727 3.5 3.34091 3.20455 3.86364 4 3.68182 3.79545 3.72727 4.59091 4.68182 3.97727 3.81818 4.34091 4.20455 4.27273 4.81818 4.86364 4.31818 3.52273 3.06818 3.09091 3.40909 3.34091 2.90909 2.84091 3.20455 4 4.65909 4.59091 4.27273 4.02273 
4.70455 4.40909 4.47727 4.93182 5.36364 5.40909 5.06818 4.72727 4.20455 3.93182 3.75 3.56818 3.34091 2.95455 3.38636 3.97727 4.29545 3.84091 3.86364 4.54545 5.13636 5.47727 4.79545 4.20455 4.29545 4.38636 4.38636 5.04545 5.06818 5.11364 4.86364 4.47727 4.27273 4.13636 3.81818 3.15909 3.09091 3.65909 4.36364 5.13636 5.34091 4.59091 4.47727 
4.72727 4.34091 4.25 4.72727 4.68182 4.52273 4.59091 4.52273 4.31818 3.88636 3.63636 3.40909 3.22727 3.02273 3.29545 4.38636 4.61364 4.40909 4.36364 4.63636 5.77273 5.68182 5.38636 4.36364 4.04545 3.95455 4.20455 4.52273 4.65909 5 5.45455 5.34091 5.18182 4.75 4.06818 3.45455 3.25 4.04545 4.29545 5.25 5.45455 5.09091 4.59091 
5.31818 5.02273 4.79545 4.81818 4.77273 4.59091 4.45455 4.88636 4.68182 4.63636 4.36364 3.88636 3.79545 3.5 3.54545 4.54545 4.81818 4.68182 4.18182 4.52273 4.95455 5.54545 5.18182 4.88636 4.13636 3.84091 3.81818 4.09091 4 4.61364 5.06818 5.45455 5.52273 4.97727 4.11364 3.38636 3.40909 3.45455 3.90909 4.38636 5 5.04545 4.68182 
5.29545 5.22727 4.93182 4.65909 4.36364 4.25 4.20455 4.59091 4.65909 4.59091 4.27273 3.95455 3.97727 3.90909 4.06818 4.77273 5.18182 5.06818 4.77273 4.86364 5.45455 5.70455 5.88636 5.61364 5.22727 4.68182 4.11364 4.02273 3.61364 4.02273 4.68182 5.18182 5.43182 5.15909 4.72727 4.09091 3.86364 3.86364 3.86364 4.47727 5 5.27273 4.77273 
5.40909 5.45455 5.13636 5.04545 4.65909 4.36364 4.29545 4.65909 4.72727 4.40909 4.20455 3.81818 4.20455 4.18182 4.25 4.90909 4.63636 4.52273 4.11364 4.54545 5.04545 5.56818 5.36364 5.59091 5.5 5.38636 4.5 4.18182 3.47727 3.45455 4.22727 4.70455 4.90909 4.70455 4.61364 4.47727 4.06818 3.97727 4.09091 4.45455 5.18182 5.63636 5.25 
5.22727 5.38636 5.04545 4.75 4.54545 4.20455 3.95455 4.20455 4.25 3.88636 3.54545 3.36364 4.18182 4.20455 4.40909 4.95455 4.61364 4.54545 4.20455 4.45455 5 5.04545 5.02273 5.18182 5.40909 5.22727 4.88636 4.52273 3.81818 3.79545 4.09091 4.43182 4.31818 4.22727 4.11364 4.20455 4.18182 3.95455 3.70455 4.38636 4.81818 5.54545 5.11364 
5.13636 5.54545 5.06818 4.95455 4.52273 4.40909 4.13636 4.11364 3.93182 3.52273 2.97727 3.06818 3.93182 4.47727 4.68182 5.06818 4.65909 5.04545 4.56818 4.84091 4.72727 4.81818 4.56818 4.90909 4.68182 4.68182 4.45455 4.34091 3.84091 4.04545 4.11364 3.88636 3.70455 3.52273 3.59091 3.88636 4.22727 3.90909 3.70455 4.34091 5.06818 5.45455 5.02273 

Executed program successfully in 0.168288 ms.

