Applying mask to 15-by-15 random data with printing...
The generated input array: 
3 6 7 5 3 5 6 2 9 1 2 7 0 9 3 
6 0 6 2 6 1 8 7 9 2 0 2 3 7 5 
9 2 2 8 9 7 3 6 1 2 9 3 1 9 4 
7 8 4 5 0 3 6 1 0 6 3 2 0 6 1 
5 5 4 7 6 5 6 9 3 7 4 5 2 5 4 
7 4 4 3 0 7 8 6 8 8 4 3 1 4 9 
2 0 6 8 9 2 6 6 4 9 5 0 4 8 7 
1 7 2 7 2 2 6 1 0 6 1 5 9 4 9 
0 9 1 7 7 1 1 5 9 7 7 6 7 3 6 
5 6 3 9 4 8 1 2 9 3 9 0 8 8 5 
0 9 6 3 8 5 6 1 1 5 9 8 4 8 1 
0 3 0 4 4 4 4 7 6 3 1 7 5 9 6 
2 1 7 8 5 7 4 1 8 5 9 7 5 3 8 
8 3 1 8 9 6 4 3 3 3 8 6 0 4 8 
8 8 9 7 7 6 4 3 0 3 0 9 2 5 4 

The raw output array 
212 204 205 212 202 196 180 153 146 
218 221 216 235 232 219 218 187 156 
215 212 219 235 239 236 232 202 178 
215 210 210 216 228 231 228 213 192 
213 206 184 181 185 211 233 217 211 
224 208 191 180 184 208 237 246 239 
235 217 196 186 182 209 227 249 253 
235 230 202 182 185 210 228 244 254 
218 237 216 190 178 198 222 247 254 

The normalized output array 
4.81818 4.63636 4.65909 4.81818 4.59091 4.45455 4.09091 3.47727 3.31818 
4.95455 5.02273 4.90909 5.34091 5.27273 4.97727 4.95455 4.25 3.54545 
4.88636 4.81818 4.97727 5.34091 5.43182 5.36364 5.27273 4.59091 4.04545 
4.88636 4.77273 4.77273 4.90909 5.18182 5.25 5.18182 4.84091 4.36364 
4.84091 4.68182 4.18182 4.11364 4.20455 4.79545 5.29545 4.93182 4.79545 
5.09091 4.72727 4.34091 4.09091 4.18182 4.72727 5.38636 5.59091 5.43182 
5.34091 4.93182 4.45455 4.22727 4.13636 4.75 5.15909 5.65909 5.75 
5.34091 5.22727 4.59091 4.13636 4.20455 4.77273 5.18182 5.54545 5.77273 
4.95455 5.38636 4.90909 4.31818 4.04545 4.5 5.04545 5.61364 5.77273 

Executed program successfully in 0.032032 ms.

