Applying mask to 40-by-15 random data with printing...
The generated input array: 
3 6 7 5 3 5 6 2 9 1 2 7 0 9 3 
6 0 6 2 6 1 8 7 9 2 0 2 3 7 5 
9 2 2 8 9 7 3 6 1 2 9 3 1 9 4 
7 8 4 5 0 3 6 1 0 6 3 2 0 6 1 
5 5 4 7 6 5 6 9 3 7 4 5 2 5 4 
7 4 4 3 0 7 8 6 8 8 4 3 1 4 9 
2 0 6 8 9 2 6 6 4 9 5 0 4 8 7 
1 7 2 7 2 2 6 1 0 6 1 5 9 4 9 
0 9 1 7 7 1 1 5 9 7 7 6 7 3 6 
5 6 3 9 4 8 1 2 9 3 9 0 8 8 5 
0 9 6 3 8 5 6 1 1 5 9 8 4 8 1 
0 3 0 4 4 4 4 7 6 3 1 7 5 9 6 
2 1 7 8 5 7 4 1 8 5 9 7 5 3 8 
8 3 1 8 9 6 4 3 3 3 8 6 0 4 8 
8 8 9 7 7 6 4 3 0 3 0 9 2 5 4 
0 5 9 4 6 9 2 2 4 7 7 5 4 8 1 
2 8 9 3 6 8 0 2 1 0 5 1 1 0 8 
5 0 6 4 6 2 5 8 6 2 8 4 7 2 4 
0 6 2 9 9 0 8 1 3 1 1 0 3 4 0 
3 9 1 9 6 9 3 3 8 0 5 6 6 4 0 
0 4 6 2 6 7 5 6 9 8 7 2 8 2 9 
9 6 0 2 7 6 1 3 2 1 5 9 9 1 4 
9 1 0 7 5 8 7 0 4 8 0 4 2 9 6 
1 0 4 2 2 2 0 5 5 2 9 0 2 8 3 
8 0 4 0 9 1 9 6 2 5 4 4 9 9 3 
6 0 5 0 2 9 4 3 5 1 7 4 3 1 4 
6 9 4 2 2 6 4 1 2 8 8 9 2 8 8 
8 6 8 3 8 3 3 3 8 0 4 7 6 8 9 
0 6 8 7 9 0 3 3 3 7 3 2 6 5 2 
6 5 8 7 9 6 0 4 1 0 4 8 7 0 8 
6 2 4 7 9 3 9 2 8 3 0 1 7 8 9 
1 5 4 9 2 5 7 4 9 9 4 5 9 3 5 
7 0 8 1 9 9 7 8 2 5 3 4 9 0 2 
0 1 9 6 2 1 2 0 7 3 1 1 9 0 5 
6 7 7 4 0 6 4 7 4 8 5 8 2 6 0 
6 6 4 6 2 8 9 6 0 7 0 1 0 1 3 
7 7 2 6 4 5 2 0 2 9 0 9 9 4 5 
1 0 3 7 8 8 6 0 4 6 7 6 0 9 7 
5 9 7 8 5 3 3 8 3 7 9 3 7 8 7 
4 1 9 0 9 8 8 5 8 4 3 7 1 3 8 

The raw output array 
212 204 205 212 202 196 180 153 146 
218 221 216 235 232 219 218 187 156 
215 212 219 235 239 236 232 202 178 
215 210 210 216 228 231 228 213 192 
213 206 184 181 185 211 233 217 211 
224 208 191 180 184 208 237 246 239 
235 217 196 186 182 209 227 249 253 
235 230 202 182 185 210 228 244 254 
218 237 216 190 178 198 222 247 254 
233 242 246 203 181 193 209 240 242 
256 265 242 196 170 172 188 214 219 
282 277 241 182 149 151 170 196 202 
276 265 223 185 155 148 158 192 192 
261 250 214 173 151 144 136 159 165 
233 244 228 187 165 165 162 165 162 
229 246 235 199 175 167 156 161 156 
236 251 242 217 199 196 177 189 192 
216 239 237 220 208 204 203 219 210 
188 218 200 196 185 190 196 205 205 
167 184 205 191 176 184 178 194 205 
120 170 194 177 169 170 174 194 207 
135 174 190 189 173 183 196 211 208 
155 172 179 178 178 187 197 204 215 
192 193 173 169 175 182 194 224 233 
228 225 189 170 152 166 184 213 240 
256 240 207 175 146 156 171 189 205 
269 263 221 184 168 170 168 167 198 
266 265 239 220 198 196 180 181 204 
245 254 241 237 228 222 208 192 215 
233 229 229 227 232 219 209 188 186 
203 194 203 212 192 192 200 169 180 
212 201 207 202 191 201 199 180 180 
223 213 211 194 191 179 197 175 171 
219 216 210 201 178 184 203 203 207 

The normalized output array 
4.81818 4.63636 4.65909 4.81818 4.59091 4.45455 4.09091 3.47727 3.31818 
4.95455 5.02273 4.90909 5.34091 5.27273 4.97727 4.95455 4.25 3.54545 
4.88636 4.81818 4.97727 5.34091 5.43182 5.36364 5.27273 4.59091 4.04545 
4.88636 4.77273 4.77273 4.90909 5.18182 5.25 5.18182 4.84091 4.36364 
4.84091 4.68182 4.18182 4.11364 4.20455 4.79545 5.29545 4.93182 4.79545 
5.09091 4.72727 4.34091 4.09091 4.18182 4.72727 5.38636 5.59091 5.43182 
5.34091 4.93182 4.45455 4.22727 4.13636 4.75 5.15909 5.65909 5.75 
5.34091 5.22727 4.59091 4.13636 4.20455 4.77273 5.18182 5.54545 5.77273 
4.95455 5.38636 4.90909 4.31818 4.04545 4.5 5.04545 5.61364 5.77273 
5.29545 5.5 5.59091 4.61364 4.11364 4.38636 4.75 5.45455 5.5 
5.81818 6.02273 5.5 4.45455 3.86364 3.90909 4.27273 4.86364 4.97727 
6.40909 6.29545 5.47727 4.13636 3.38636 3.43182 3.86364 4.45455 4.59091 
6.27273 6.02273 5.06818 4.20455 3.52273 3.36364 3.59091 4.36364 4.36364 
5.93182 5.68182 4.86364 3.93182 3.43182 3.27273 3.09091 3.61364 3.75 
5.29545 5.54545 5.18182 4.25 3.75 3.75 3.68182 3.75 3.68182 
5.20455 5.59091 5.34091 4.52273 3.97727 3.79545 3.54545 3.65909 3.54545 
5.36364 5.70455 5.5 4.93182 4.52273 4.45455 4.02273 4.29545 4.36364 
4.90909 5.43182 5.38636 5 4.72727 4.63636 4.61364 4.97727 4.77273 
4.27273 4.95455 4.54545 4.45455 4.20455 4.31818 4.45455 4.65909 4.65909 
3.79545 4.18182 4.65909 4.34091 4 4.18182 4.04545 4.40909 4.65909 
2.72727 3.86364 4.40909 4.02273 3.84091 3.86364 3.95455 4.40909 4.70455 
3.06818 3.95455 4.31818 4.29545 3.93182 4.15909 4.45455 4.79545 4.72727 
3.52273 3.90909 4.06818 4.04545 4.04545 4.25 4.47727 4.63636 4.88636 
4.36364 4.38636 3.93182 3.84091 3.97727 4.13636 4.40909 5.09091 5.29545 
5.18182 5.11364 4.29545 3.86364 3.45455 3.77273 4.18182 4.84091 5.45455 
5.81818 5.45455 4.70455 3.97727 3.31818 3.54545 3.88636 4.29545 4.65909 
6.11364 5.97727 5.02273 4.18182 3.81818 3.86364 3.81818 3.79545 4.5 
6.04545 6.02273 5.43182 5 4.5 4.45455 4.09091 4.11364 4.63636 
5.56818 5.77273 5.47727 5.38636 5.18182 5.04545 4.72727 4.36364 4.88636 
5.29545 5.20455 5.20455 5.15909 5.27273 4.97727 4.75 4.27273 4.22727 
4.61364 4.40909 4.61364 4.81818 4.36364 4.36364 4.54545 3.84091 4.09091 
4.81818 4.56818 4.70455 4.59091 4.34091 4.56818 4.52273 4.09091 4.09091 
5.06818 4.84091 4.79545 4.40909 4.34091 4.06818 4.47727 3.97727 3.88636 
4.97727 4.90909 4.77273 4.56818 4.04545 4.18182 4.61364 4.61364 4.70455 

Executed program successfully in 0.052928 ms.

